<DOC>
<DOCNO>..Data\112\053</DOCNO>
<FROM>49hv@xysj.net</FROM>
<TO>2m71@a9hj.edu.cn</TO>
<SUBJECT>”µÎ»Ïà™CÃâÙMËÍ½oÄã</SUBJECT>
<TEXT>
±zªº¥X¥Í¤é´Á¡G
								
											--------
											1 ¤ë
											2 ¤ë
											3 ¤ë
											4 ¤ë
											5 ¤ë
											6 ¤ë
											7 ¤ë
											8 ¤ë
											9 ¤ë
											10 ¤ë
											11 ¤ë
											12 ¤ë
										/
											1
											2
											3
											4
											5
											6
											7
											8
											9
											10
											11
											12
											13
											14
											15
											16
											17
											18
											19
											20
											21
											22
											23
											24
											25
											26
											27
											28
											29
											30
											31
										
										/
											1901
											1902
											1903
											1904
											1905
											1906
											1907
											1908
											1909
											1910
											1911
											1912
											1913
											1914
											1915
											1916
											1917
											1918
											1919
											1920
											1921
											1922
											1923
											1924
											1925
											1926
											1927
											1928
											1929
											1930
											1931
											1932
											1933
											1934
											1935
											1936
											1937
											1938
											1939
											1940
											1941
											1942
											1943
											1944
											1945
											1946
											1947
											1948
											1949
											1950
											1951
											1952
											1953
											1954
											1955
											1956
											1957
											1958
											1959
											1960
											1961
											1962
											1963
											1964
											1965
											1966
											1967
											1968
											1969
											1970
											1971
											1972
											1973
											1974
											1975
											1976
											1977
											1978
											1979
											1980
											1981
											1982
											1983
											1984
											1985
											1986
											1987
											1988
											1989
											1990
										
									
								
							
							
								±zªº¹q¤l¶l¥ó¡G
</TEXT>
</DOC>

